School_ID,Destination_School_ID,distance
400046,610254,0.0000
400079,400080,0.0000
400080,400079,0.0000
609794,610212,0.0000
609916,610530,0.0000
610210,610320,0.0000
610212,609794,0.0000
610232,610336,0.0000
610248,610249,0.0000
610249,610248,0.0000
610250,610251,0.0000
610251,610250,0.0000
610254,400046,0.0000
610320,610210,0.0000
610336,610232,0.0000
610530,609916,0.0000
400049,610056,53.5657
610056,400049,53.5657
400076,609951,58.9779
609951,400076,58.9779
400107,610200,60.1124
610200,400107,60.1124
400044,610123,102.6306
610123,400044,102.6306
400040,610503,108.0723
610503,400040,108.0723
400078,610345,139.7779
610345,400078,139.7779
400146,610092,146.5077
610092,400146,146.5077
609921,610017,178.6436
610017,609921,178.6436
400047,610243,296.9899
610243,400047,296.9899
609794,609994,347.6561
609994,609794,347.6561
609994,610212,347.6561
610212,609994,347.6561
400095,610055,375.2867
610055,400095,375.2867
609812,610308,391.9044
610308,609812,391.9044
400039,610320,398.5996
400039,610210,398.5996
610210,400039,398.5996
610320,400039,398.5996
400029,610150,421.0945
610150,400029,421.0945
610226,610532,432.8800
610532,610226,432.8800
610017,610184,505.9328
610184,610017,505.9328
400101,610317,511.7044
610317,400101,511.7044
400043,610308,514.1058
610308,400043,514.1058
609925,610365,522.7203
610365,609925,522.7203
610063,610215,572.0465
610215,610063,572.0465
400096,610029,604.5817
610029,400096,604.5817
609921,610184,683.0077
610184,609921,683.0077
609938,609950,727.0558
609950,609938,727.0558
610098,610100,731.1203
610100,610098,731.1203
609780,609968,733.5256
609968,609780,733.5256
400043,609812,838.3984
609812,400043,838.3984
400021,609906,866.7452
609906,400021,866.7452
610112,610265,895.7495
610265,610112,895.7495
609985,610348,901.7400
610348,609985,901.7400
609826,609834,913.5955
609834,609826,913.5955
610313,610342,917.1940
610342,610313,917.1940
400074,400116,923.0595
400116,400074,923.0595
609993,610167,930.7113
610167,609993,930.7113
610136,610549,948.1271
610549,610136,948.1271
610156,610305,949.2539
610305,610156,949.2539
610024,610273,955.9560
610273,610024,955.9560
610018,610175,961.7852
610175,610018,961.7852
609983,609993,1005.6003
609993,609983,1005.6003
609952,610319,1007.6220
610319,609952,1007.6220
400017,609972,1007.8130
609972,400017,1007.8130
609991,610240,1023.6097
610240,609991,1023.6097
610141,610355,1024.8123
610355,610141,1024.8123
609835,610021,1036.0421
610021,609835,1036.0421
400011,400095,1042.5540
400095,400011,1042.5540
609925,610271,1043.9461
610271,609925,1043.9461
610109,610287,1091.2443
610287,610109,1091.2443
400068,610156,1093.2220
610156,400068,1093.2220
610218,610350,1107.5043
610350,610218,1107.5043
400040,610221,1111.5266
610221,400040,1111.5266
610221,610503,1113.9193
610503,610221,1113.9193
609918,610284,1134.0853
610284,609918,1134.0853
609826,610024,1150.5053
610024,609826,1150.5053
400027,609857,1169.0325
609857,400027,1169.0325
609932,609943,1170.5326
609943,609932,1170.5326
609906,610367,1188.2668
610367,609906,1188.2668
400115,610067,1198.7565
610067,400115,1198.7565
610089,610321,1199.4078
610321,610089,1199.4078
400021,609904,1241.3799
609904,400021,1241.3799
610061,610110,1246.3762
610110,610061,1246.3762
610293,610348,1258.2774
610348,610293,1258.2774
400074,610521,1278.6322
610521,400074,1278.6322
610076,610234,1285.9570
610234,610076,1285.9570
400092,609848,1289.7218
609848,400092,1289.7218
400048,610023,1296.9556
610023,400048,1296.9556
400081,609867,1299.8557
609867,400081,1299.8557
400114,609854,1314.0382
609854,400114,1314.0382
610101,610251,1316.3983
610101,610250,1316.3983
610250,610101,1316.3983
610251,610101,1316.3983
400024,609986,1318.0665
609986,400024,1318.0665
400050,610319,1319.5545
610319,400050,1319.5545
400011,610055,1324.3518
610055,400011,1324.3518
609964,610148,1326.1706
610148,609964,1326.1706
400049,610005,1327.3525
610005,400049,1327.3525
609887,610130,1328.1431
610130,609887,1328.1431
610271,610365,1329.2499
610365,610271,1329.2499
609926,610048,1333.2041
610048,609926,1333.2041
610021,610044,1333.6299
610044,610021,1333.6299
609781,610246,1338.0499
610246,609781,1338.0499
400069,610257,1338.3384
610257,400069,1338.3384
400082,610039,1351.1260
610039,400082,1351.1260
400060,610122,1371.0714
610122,400060,1371.0714
610005,610056,1371.1948
610056,610005,1371.1948
400121,609818,1372.3938
609818,400121,1372.3938
400025,610138,1374.6313
610138,400025,1374.6313
610148,610167,1376.9584
610167,610148,1376.9584
400024,609929,1377.4599
609929,400024,1377.4599
400028,609900,1378.7210
609900,400028,1378.7210
609967,610125,1400.1065
610125,609967,1400.1065
400011,610271,1402.8351
610271,400011,1402.8351
609775,610238,1410.8104
610238,609775,1410.8104
610023,610121,1412.9611
610121,610023,1412.9611
400079,609903,1413.5271
400080,609903,1413.5271
609903,400080,1413.5271
609903,400079,1413.5271
609850,610078,1415.1238
610078,609850,1415.1238
400046,609991,1415.1288
609991,400046,1415.1288
609991,610254,1415.1288
610254,609991,1415.1288
400114,610031,1415.6581
610031,400114,1415.6581
609869,610161,1423.1383
610161,609869,1423.1383
609958,610170,1429.5005
610170,609958,1429.5005
610229,610342,1429.8727
610342,610229,1429.8727
609989,610405,1435.5084
610405,609989,1435.5084
609780,609930,1438.3640
609930,609780,1438.3640
609873,610273,1439.1898
610273,609873,1439.1898
609869,610285,1440.7474
610285,609869,1440.7474
400115,610053,1442.9194
610053,400115,1442.9194
609991,610034,1455.6345
610034,609991,1455.6345
400048,610121,1456.5504
610121,400048,1456.5504
400026,610032,1471.4750
610032,400026,1471.4750
609797,610257,1472.4099
610257,609797,1472.4099
610144,610541,1474.1371
610541,610144,1474.1371
610075,610548,1475.9393
610548,610075,1475.9393
400044,610254,1479.4594
400044,400046,1479.4594
400046,400044,1479.4594
610254,400044,1479.4594
610223,610238,1480.4253
610238,610223,1480.4253
610126,610395,1482.5487
610395,610126,1482.5487
609967,610129,1485.7870
610129,609967,1485.7870
610068,610533,1491.8951
610533,610068,1491.8951
400031,609839,1496.9985
609839,400031,1496.9985
610066,610093,1505.3398
610093,610066,1505.3398
400092,609845,1510.0253
609845,400092,1510.0253
610242,610363,1513.8028
610363,610242,1513.8028
610012,610534,1528.9053
610534,610012,1528.9053
610051,610068,1530.4410
610068,610051,1530.4410
400046,610123,1533.0602
610123,610254,1533.0602
610123,400046,1533.0602
610254,610123,1533.0602
400044,609991,1542.8183
609991,400044,1542.8183
400083,609921,1543.8992
609921,400083,1543.8992
400009,609981,1548.4046
609981,400009,1548.4046
400083,609966,1549.9828
609966,400083,1549.9828
610004,610132,1553.8712
610132,610004,1553.8712
609872,610013,1558.7649
610013,609872,1558.7649
400021,610367,1570.0645
610367,400021,1570.0645
609904,610020,1578.9402
610020,609904,1578.9402
609928,610345,1579.0262
610345,609928,1579.0262
609828,610029,1582.7167
610029,609828,1582.7167
400084,610096,1603.5005
610096,400084,1603.5005
609955,610072,1605.3162
610072,609955,1605.3162
609959,610231,1605.7827
610231,609959,1605.7827
400081,610013,1611.7168
610013,400081,1611.7168
400011,400047,1612.4830
400047,400011,1612.4830
610057,610077,1630.3481
610077,610057,1630.3481
609909,610504,1631.4279
610504,609909,1631.4279
610081,610217,1640.9809
610217,610081,1640.9809
610194,610293,1644.3966
610293,610194,1644.3966
609991,610123,1645.1648
610123,609991,1645.1648
610032,610366,1651.0764
610366,610032,1651.0764
609917,610362,1655.4337
610362,609917,1655.4337
610015,610216,1666.0260
610216,610015,1666.0260
609842,610096,1674.7472
610096,609842,1674.7472
400071,610521,1675.3908
610521,400071,1675.3908
609820,610010,1677.0298
610010,609820,1677.0298
400083,609967,1679.6650
609967,400083,1679.6650
609983,610167,1679.8858
610167,609983,1679.8858
400046,610034,1680.2144
610034,400046,1680.2144
610034,610254,1680.2144
610254,610034,1680.2144
400041,610154,1680.7569
610154,400041,1680.7569
610019,610265,1680.7906
610265,610019,1680.7906
610086,610128,1687.1377
610128,610086,1687.1377
400075,609891,1688.5541
609891,400075,1688.5541
610194,610221,1690.5978
610221,610194,1690.5978
400083,610017,1701.9939
610017,400083,1701.9939
400020,610274,1706.8205
610274,400020,1706.8205
609867,610013,1710.6082
610013,609867,1710.6082
400078,609928,1715.0462
609928,400078,1715.0462
610028,610368,1716.8928
610368,610028,1716.8928
609872,610015,1718.7206
610015,609872,1718.7206
609921,609966,1720.1493
609966,609921,1720.1493
609855,610096,1727.1141
610096,609855,1727.1141
400020,610134,1730.0593
610134,400020,1730.0593
400050,609952,1738.8315
609952,400050,1738.8315
609966,610017,1742.8323
610017,609966,1742.8323
400040,610240,1743.3846
610240,400040,1743.3846
610058,610305,1746.9143
610305,610058,1746.9143
609777,609996,1750.3001
609996,609777,1750.3001
609870,609973,1753.0593
609973,609870,1753.0593
610085,610107,1763.0883
610107,610085,1763.0883
610048,610534,1766.7237
610534,610048,1766.7237
609979,610081,1768.5989
610081,609979,1768.5989
609983,610239,1768.8279
610239,609983,1768.8279
610133,610154,1771.3405
610154,610133,1771.3405
400027,610089,1774.8162
610089,400027,1774.8162
609780,610088,1775.9053
610088,609780,1775.9053
610085,610119,1779.6222
610119,610085,1779.6222
609895,609939,1784.3811
609939,609895,1784.3811
609873,610024,1785.4985
610024,609873,1785.4985
610240,610503,1787.2745
610503,610240,1787.2745
400111,609927,1788.6918
609927,400111,1788.6918
609893,610087,1790.5673
610087,609893,1790.5673
400120,609976,1792.0308
609976,400120,1792.0308
609952,610504,1793.2612
610504,609952,1793.2612
400112,610157,1793.8129
610157,400112,1793.8129
609834,610024,1796.3252
610024,609834,1796.3252
609834,609950,1797.7919
609950,609834,1797.7919
400044,610240,1803.1831
610240,400044,1803.1831
610060,610177,1804.1763
610177,610060,1804.1763
609853,609942,1807.4265
609942,609853,1807.4265
609829,610317,1807.7821
610317,609829,1807.7821
610112,610233,1812.7106
610233,610112,1812.7106
609955,610369,1814.6249
610369,609955,1814.6249
609930,610088,1816.8651
610088,609930,1816.8651
609818,610043,1819.8634
610043,609818,1819.8634
609966,610184,1826.4633
610184,609966,1826.4633
400089,609958,1827.8682
609958,400089,1827.8682
609977,610266,1827.9252
610266,609977,1827.9252
609790,609805,1833.0029
609805,609790,1833.0029
610217,610232,1833.5825
610217,610336,1833.5825
610232,610217,1833.5825
610336,610217,1833.5825
400047,610271,1833.7759
610271,400047,1833.7759
400111,609864,1848.1834
609864,400111,1848.1834
609919,610169,1849.9335
610169,609919,1849.9335
610102,610339,1851.3852
610339,610102,1851.3852
610130,610268,1853.8104
610268,610130,1853.8104
610213,610266,1860.9333
610266,610213,1860.9333
609928,610276,1862.3933
610276,609928,1862.3933
610229,610520,1863.6860
610520,610229,1863.6860
609792,610354,1866.0326
610354,609792,1866.0326
609978,610132,1872.5815
610132,609978,1872.5815
610125,610129,1874.6675
610129,610125,1874.6675
609920,610184,1881.2086
610184,609920,1881.2086
609920,610134,1884.5891
610134,609920,1884.5891
610218,610316,1887.4361
610316,610218,1887.4361
609812,610405,1889.4358
610405,609812,1889.4358
610123,610240,1892.6549
610240,610123,1892.6549
609853,610234,1895.5375
610234,609853,1895.5375
609900,610160,1908.6488
610160,609900,1908.6488
400011,610243,1909.4534
610243,400011,1909.4534
609854,610031,1910.4235
610031,609854,1910.4235
609922,610533,1917.1872
610533,609922,1917.1872
610046,610539,1918.5776
610539,610046,1918.5776
609993,610148,1924.7910
610148,609993,1924.7910
400081,610075,1924.8783
610075,400081,1924.8783
400029,610263,1925.8513
610263,400029,1925.8513
609926,610250,1930.1653
609926,610251,1930.1653
610250,609926,1930.1653
610251,609926,1930.1653
610203,610226,1933.1817
610226,610203,1933.1817
609989,610252,1938.3362
610252,609989,1938.3362
400101,609876,1940.3248
609876,400101,1940.3248
610252,610405,1947.4588
610405,610252,1947.4588
610298,610300,1951.8726
610300,610298,1951.8726
610221,610293,1954.7292
610293,610221,1954.7292
609850,610363,1959.4311
610363,609850,1959.4311
609864,610003,1965.7371
610003,609864,1965.7371
610022,610284,1973.7299
610284,610022,1973.7299
609945,610269,1973.8608
610269,609945,1973.8608
609781,610114,1977.0636
610114,609781,1977.0636
609781,610277,1979.0169
610277,609781,1979.0169
609983,610148,1987.7559
610148,609983,1987.7559
610316,610350,1990.0335
610350,610316,1990.0335
609907,609954,1993.9625
609954,609907,1993.9625
610012,610251,1994.4441
610012,610250,1994.4441
610250,610012,1994.4441
610251,610012,1994.4441
610141,610189,2006.8428
610189,610141,2006.8428
610223,610290,2009.3916
610290,610223,2009.3916
609977,610213,2010.3652
610213,609977,2010.3652
609774,610038,2011.1508
610038,609774,2011.1508
610019,610290,2012.2127
610290,610019,2012.2127
610223,610299,2015.3215
610299,610223,2015.3215
400068,610305,2019.2977
610305,400068,2019.2977
609985,610293,2026.1352
610293,609985,2026.1352
609913,610347,2026.8538
610347,609913,2026.8538
609929,610239,2029.4410
610239,609929,2029.4410
610108,610347,2030.9456
610347,610108,2030.9456
609916,610116,2041.4676
610116,610530,2041.4676
610116,609916,2041.4676
610530,610116,2041.4676
400146,610282,2042.3670
610282,400146,2042.3670
610243,610271,2043.6885
610271,610243,2043.6885
400081,610329,2047.5727
610329,400081,2047.5727
610210,610313,2047.8407
610313,610210,2047.8407
610313,610320,2047.8407
610320,610313,2047.8407
609828,609896,2052.6273
609896,609828,2052.6273
400017,610209,2063.6437
610209,400017,2063.6437
400121,610043,2067.3405
610043,400121,2067.3405
400030,609818,2070.7992
609818,400030,2070.7992
609885,609997,2071.0059
609997,609885,2071.0059
609904,609906,2071.2939
609906,609904,2071.2939
610051,610533,2072.6045
610533,610051,2072.6045
400068,610367,2076.5716
610367,400068,2076.5716
400095,609797,2078.3029
609797,400095,2078.3029
610145,610248,2080.0723
610145,610249,2080.0723
610248,610145,2080.0723
610249,610145,2080.0723
610092,610282,2080.5334
610282,610092,2080.5334
609888,610243,2082.2500
610243,609888,2082.2500
400020,610034,2084.8390
610034,400020,2084.8390
609853,610076,2099.5622
610076,609853,2099.5622
609826,610273,2101.9457
610273,609826,2101.9457
609902,610091,2106.6429
610091,609902,2106.6429
609782,609799,2106.7921
609799,609782,2106.7921
609979,610217,2109.2920
610217,609979,2109.2920
400116,610521,2113.9873
610521,400116,2113.9873
400023,609786,2114.5483
609786,400023,2114.5483
609797,610055,2115.2952
610055,609797,2115.2952
609791,610290,2116.8240
610290,609791,2116.8240
609855,610559,2118.5637
610559,609855,2118.5637
610090,610175,2118.9132
610175,610090,2118.9132
610159,610541,2121.5067
610541,610159,2121.5067
609919,610213,2122.4684
610213,609919,2122.4684
400089,610559,2122.6762
610559,400089,2122.6762
609955,610153,2125.3267
610153,609955,2125.3267
609966,610134,2133.8441
610134,609966,2133.8441
400083,610184,2135.6109
610184,400083,2135.6109
609873,609920,2138.1228
609920,609873,2138.1228
610033,610048,2141.5992
610048,610033,2141.5992
610044,610192,2142.4520
610192,610044,2142.4520
400020,610254,2144.7047
400020,400046,2144.7047
400046,400020,2144.7047
610254,400020,2144.7047
609865,609933,2146.0653
609933,609865,2146.0653
609938,610227,2146.7795
610227,609938,2146.7795
400089,610170,2146.7861
610170,400089,2146.7861
400076,610256,2154.8675
610256,400076,2154.8675
609930,609968,2155.4218
609968,609930,2155.4218
609897,609913,2155.8784
609913,609897,2155.8784
400114,610313,2158.3688
610313,400114,2158.3688
610009,610180,2158.4314
610180,610009,2158.4314
610072,610153,2166.4827
610153,610072,2166.4827
400026,610207,2167.2488
610207,400026,2167.2488
609881,610293,2168.6589
610293,609881,2168.6589
609854,609863,2168.7897
609863,609854,2168.7897
609806,610281,2171.9274
610281,609806,2171.9274
400039,610076,2173.8497
610076,400039,2173.8497
609969,610142,2180.2092
610142,609969,2180.2092
400096,609828,2183.1352
609828,400096,2183.1352
400114,609863,2185.8029
609863,400114,2185.8029
610125,610228,2189.2387
610228,610125,2189.2387
609861,609871,2196.5563
609871,609861,2196.5563
610153,610369,2199.4301
610369,610153,2199.4301
609951,610256,2199.9518
610256,609951,2199.9518
609997,610172,2200.2208
610172,609997,2200.2208
400101,609829,2210.0157
609829,400101,2210.0157
610098,610106,2211.2603
610106,610098,2211.2603
609844,610150,2212.0589
610150,609844,2212.0589
610276,610345,2215.7667
610345,610276,2215.7667
609959,610217,2218.6323
610217,609959,2218.6323
610308,610405,2218.6534
610405,610308,2218.6534
610146,610279,2224.4786
610279,610146,2224.4786
609926,610012,2225.4514
610012,609926,2225.4514
609918,610022,2230.0049
610022,609918,2230.0049
609881,610348,2230.3151
610348,609881,2230.3151
610134,610274,2235.3661
610274,610134,2235.3661
609830,610000,2244.3229
610000,609830,2244.3229
610229,610313,2245.3682
610313,610229,2245.3682
609975,610000,2248.8219
610000,609975,2248.8219
610002,610280,2251.7500
610280,610002,2251.7500
609867,610329,2253.8034
610329,609867,2253.8034
610187,610189,2255.9665
610189,610187,2255.9665
400045,610178,2261.7319
610178,400045,2261.7319
610018,610090,2264.1966
610090,610018,2264.1966
610157,610532,2268.0220
610532,610157,2268.0220
400078,610276,2268.1071
610276,400078,2268.1071
400047,400095,2271.7963
400095,400047,2271.7963
610107,610197,2276.0200
610197,610107,2276.0200
609799,609866,2278.1578
609866,609799,2278.1578
610012,610048,2279.5681
610048,610012,2279.5681
609985,610241,2281.4760
610241,609985,2281.4760
610090,610142,2283.0417
610142,610090,2283.0417
609930,610192,2287.0302
610192,609930,2287.0302
400019,609987,2287.4929
609987,400019,2287.4929
610033,610095,2290.4339
610095,610033,2290.4339
609968,610088,2293.6604
610088,609968,2293.6604
400029,609844,2298.3410
609844,400029,2298.3410
610150,610263,2299.2797
610263,610150,2299.2797
609888,610252,2299.5846
610252,609888,2299.5846
610237,610277,2300.0258
610277,610237,2300.0258
609851,609925,2302.9006
609925,609851,2302.9006
609804,610542,2303.2935
610542,609804,2303.2935
400047,609888,2304.2379
609888,400047,2304.2379
609950,610227,2306.7769
610227,609950,2306.7769
609854,610073,2311.5939
610073,609854,2311.5939
610114,610246,2316.3279
610246,610114,2316.3279
609929,610037,2318.7599
610037,609929,2318.7599
609891,610061,2320.3023
610061,609891,2320.3023
400084,609855,2324.9665
609855,400084,2324.9665
400060,400120,2326.0832
400120,400060,2326.0832
609880,610542,2326.8313
610542,609880,2326.8313
610000,610020,2331.5270
610020,610000,2331.5270
609851,610365,2331.9634
610365,609851,2331.9634
609835,610044,2332.6488
610044,609835,2332.6488
609916,609977,2332.8821
609977,609916,2332.8821
609977,610530,2332.8821
610530,609977,2332.8821
610060,610548,2333.6577
610548,610060,2333.6577
609863,610313,2333.8511
610313,609863,2333.8511
400046,610240,2338.7721
610240,400046,2338.7721
610240,610254,2338.7721
610254,610240,2338.7721
609879,610287,2341.6062
610287,609879,2341.6062
610171,610200,2344.3960
610200,610171,2344.3960
609922,610068,2345.0091
610068,609922,2345.0091
609845,609848,2345.8658
609848,609845,2345.8658
610034,610240,2346.5978
610240,610034,2346.5978
610187,610242,2346.7217
610242,610187,2346.7217
610030,610143,2348.5225
610143,610030,2348.5225
610009,610060,2348.5965
610060,610009,2348.5965
609876,610317,2351.8053
610317,609876,2351.8053
609851,610131,2353.5425
610131,609851,2353.5425
610068,610165,2355.5637
610165,610068,2355.5637
609920,610017,2355.7234
610017,609920,2355.7234
610203,610532,2360.2782
610532,610203,2360.2782
609964,610167,2365.0165
610167,609964,2365.0165
609820,610549,2368.0823
610549,609820,2368.0823
610076,610210,2368.3932
610076,610320,2368.3932
610210,610076,2368.3932
610320,610076,2368.3932
610201,610248,2368.5487
610201,610249,2368.5487
610248,610201,2368.5487
610249,610201,2368.5487
609821,610218,2368.8749
610218,609821,2368.8749
610202,610348,2378.4235
610348,610202,2378.4235
610082,610084,2383.4344
610084,610082,2383.4344
400040,609954,2386.4006
609954,400040,2386.4006
609793,610285,2395.0482
610285,609793,2395.0482
400107,610171,2397.2030
610171,400107,2397.2030
400023,609833,2399.8660
609833,400023,2399.8660
609821,610316,2403.7797
610316,609821,2403.7797
610202,610241,2406.4118
610241,610202,2406.4118
610265,610290,2410.5050
610290,610265,2410.5050
610362,610366,2414.4434
610366,610362,2414.4434
609954,610221,2417.9477
610221,609954,2417.9477
609894,610126,2420.8881
610126,609894,2420.8881
400046,609873,2423.6863
609873,400046,2423.6863
609873,610254,2423.6863
610254,609873,2423.6863
610013,610075,2424.5035
610075,610013,2424.5035
610194,610503,2428.0217
610503,610194,2428.0217
609834,609938,2430.6508
609938,609834,2430.6508
609961,610193,2430.7649
610193,609961,2430.7649
400095,610271,2435.2553
610271,400095,2435.2553
610187,610269,2437.1163
610269,610187,2437.1163
400048,609989,2437.7952
609989,400048,2437.7952
400039,610313,2443.4896
610313,400039,2443.4896
610148,610239,2443.5458
610239,610148,2443.5458
400011,609925,2445.8853
609925,400011,2445.8853
610065,610266,2456.0733
610266,610065,2456.0733
609973,610227,2457.5617
610227,609973,2457.5617
609985,610202,2459.2714
610202,609985,2459.2714
610156,610367,2461.0258
610367,610156,2461.0258
610199,610225,2463.6875
610225,610199,2463.6875
610115,610279,2465.4498
610279,610115,2465.4498
609891,610395,2466.0595
610395,609891,2466.0595
610124,610312,2471.8797
610312,610124,2471.8797
400030,609922,2476.2464
609922,400030,2476.2464
400111,609805,2479.5051
609805,400111,2479.5051
610100,610106,2483.3300
610106,610100,2483.3300
400040,610194,2489.5839
610194,400040,2489.5839
609954,610503,2491.6962
610503,609954,2491.6962
610157,610226,2491.8161
610226,610157,2491.8161
609920,609966,2496.5277
609966,609920,2496.5277
400083,610129,2499.6066
610129,400083,2499.6066
400114,610320,2499.8380
400114,610210,2499.8380
610210,400114,2499.8380
610320,400114,2499.8380
400082,609809,2503.1432
609809,400082,2503.1432
610030,610090,2504.1091
610090,610030,2504.1091
610225,610295,2506.5117
610295,610225,2506.5117
609826,609950,2514.4976
609950,609826,2514.4976
609881,610202,2516.0817
610202,609881,2516.0817
609920,609921,2516.3630
609921,609920,2516.3630
609988,610354,2518.4618
610354,609988,2518.4618
609867,609872,2522.5154
609872,609867,2522.5154
609975,610282,2526.0782
610282,609975,2526.0782
609848,610364,2527.3099
610364,609848,2527.3099
609791,610285,2530.5398
610285,609791,2530.5398
609891,610126,2532.5742
610126,609891,2532.5742
609863,610520,2533.0270
610520,609863,2533.0270
610194,610348,2535.8678
610348,610194,2535.8678
610065,610263,2537.3321
610263,610065,2537.3321
400019,610110,2539.0364
610110,400019,2539.0364
609792,609857,2541.9720
609857,609792,2541.9720
609969,610090,2543.8852
610090,609969,2543.8852
400095,610243,2546.6392
610243,400095,2546.6392
400092,610364,2548.0853
610364,400092,2548.0853
610233,610299,2549.1214
610299,610233,2549.1214
400028,610139,2549.4193
610139,400028,2549.4193
609870,610227,2549.7313
610227,609870,2549.7313
400020,609873,2549.8779
609873,400020,2549.8779
400084,610559,2551.1081
610559,400084,2551.1081
610056,610123,2554.6940
610123,610056,2554.6940
610053,610067,2563.5528
610067,610053,2563.5528
609907,610055,2563.8539
610055,609907,2563.8539
609963,610010,2564.1149
610010,609963,2564.1149
609781,610237,2565.0463
610237,609781,2565.0463
609885,610172,2571.8061
610172,609885,2571.8061
610112,610299,2572.0243
610299,610112,2572.0243
609959,610336,2572.1670
609959,610232,2572.1670
610232,609959,2572.1670
610336,609959,2572.1670
400116,609941,2572.2111
609941,400116,2572.2111
610238,610339,2572.3294
610339,610238,2572.3294
610108,610521,2575.1613
610521,610108,2575.1613
609782,610010,2575.8339
610010,609782,2575.8339
609913,610108,2576.3740
610108,609913,2576.3740
610019,610112,2576.4436
610112,610019,2576.4436
609917,610128,2576.4841
610128,609917,2576.4841
400047,609925,2580.5029
609925,400047,2580.5029
610073,610197,2583.1667
610197,610073,2583.1667
609834,610227,2584.5456
610227,609834,2584.5456
609803,609963,2584.8628
609963,609803,2584.8628
400049,610123,2587.0524
610123,400049,2587.0524
609926,610534,2590.7364
610534,609926,2590.7364
400120,610122,2598.9166
610122,400120,2598.9166
609997,610161,2603.9949
610161,609997,2603.9949
609793,609869,2607.9237
609869,609793,2607.9237
400041,609835,2609.3328
609835,400041,2609.3328
610088,610097,2619.6595
610097,610088,2619.6595
400044,610056,2620.4970
610056,400044,2620.4970
609826,610063,2623.8491
610063,609826,2623.8491
400028,610160,2623.9615
610160,400028,2623.9615
609850,610242,2625.0234
610242,609850,2625.0234
400069,609797,2626.2916
609797,400069,2626.2916
609867,610228,2630.6471
610228,609867,2630.6471
609895,610027,2631.5801
610027,609895,2631.5801
609881,609907,2636.4075
609907,609881,2636.4075
400047,610055,2643.8593
610055,400047,2643.8593
609906,610156,2646.4538
610156,609906,2646.4538
609834,610273,2646.5282
610273,609834,2646.5282
610015,610180,2650.0766
610180,610015,2650.0766
609800,610028,2650.4590
610028,609800,2650.4590
400044,400049,2651.5401
400049,400044,2651.5401
400060,610205,2652.5826
610205,400060,2652.5826
609839,610109,2653.6661
610109,609839,2653.6661
610002,610350,2654.3581
610350,610002,2654.3581
609902,610224,2654.4074
610224,609902,2654.4074
609819,610246,2655.7041
610246,609819,2655.7041
609851,610023,2662.5828
610023,609851,2662.5828
609863,610342,2664.5119
610342,609863,2664.5119
609894,610395,2666.9108
610395,609894,2666.9108
609820,609963,2667.8203
609963,609820,2667.8203
400011,610365,2669.6051
610365,400011,2669.6051
610048,610095,2673.9006
610095,610048,2673.9006
610055,610271,2674.0869
610271,610055,2674.0869
610039,610325,2678.4441
610325,610039,2678.4441
609955,610003,2678.7697
610003,609955,2678.7697
610189,610355,2682.6373
610355,610189,2682.6373
609968,610097,2682.7666
610097,609968,2682.7666
400101,610174,2688.8763
610174,400101,2688.8763
609844,610173,2691.7656
610173,609844,2691.7656
609929,609986,2693.7720
609986,609929,2693.7720
610228,610329,2694.4944
610329,610228,2694.4944
610058,610156,2694.8132
610156,610058,2694.8132
400071,609897,2695.1060
609897,400071,2695.1060
609790,609941,2700.0686
609941,609790,2700.0686
609993,610239,2701.5005
610239,609993,2701.5005
610233,610265,2702.2375
610265,610233,2702.2375
400039,400114,2702.9352
400114,400039,2702.9352
609896,610138,2707.5233
610138,609896,2707.5233
609925,610243,2707.9733
610243,609925,2707.9733
610013,610015,2707.9968
610015,610013,2707.9968
610034,610274,2710.3289
610274,610034,2710.3289
610210,610342,2711.8376
610320,610342,2711.8376
610342,610320,2711.8376
610342,610210,2711.8376
400068,609795,2712.9003
609795,400068,2712.9003
609826,609873,2714.3268
609873,609826,2714.3268
400039,610031,2717.7393
610031,400039,2717.7393
610040,610051,2718.0442
610051,610040,2718.0442
610176,610225,2718.3091
610225,610176,2718.3091
400043,610405,2718.5277
610405,400043,2718.5277
610031,610320,2718.7136
610031,610210,2718.7136
610210,610031,2718.7136
610320,610031,2718.7136
400043,610177,2719.3182
610177,400043,2719.3182
609830,609975,2722.0444
609975,609830,2722.0444
609926,610033,2723.7064
610033,609926,2723.7064
609851,610274,2723.8204
610274,609851,2723.8204
609954,610240,2725.1579
610240,609954,2725.1579
400074,609775,2725.6374
609775,400074,2725.6374
400040,609991,2730.2468
609991,400040,2730.2468
400044,610034,2733.7534
610034,400044,2733.7534
610319,610504,2734.0454
610504,610319,2734.0454
609904,610367,2736.6867
610367,609904,2736.6867
610161,610285,2737.0825
610285,610161,2737.0825
609887,610268,2739.0985
610268,609887,2739.0985
609872,610216,2740.5160
610216,609872,2740.5160
610021,610192,2742.9307
610192,610021,2742.9307
400068,609906,2746.1363
609906,400068,2746.1363
609780,610192,2750.5964
610192,609780,2750.5964
609972,609988,2752.3885
609988,609972,2752.3885
400009,400080,2753.4851
400009,400079,2753.4851
400079,400009,2753.4851
400080,400009,2753.4851
609793,610161,2756.5490
610161,609793,2756.5490
610120,610226,2756.6108
610226,610120,2756.6108
400027,610321,2757.3879
610321,400027,2757.3879
610037,610172,2761.1279
610172,610037,2761.1279
609909,609952,2761.9088
609952,609909,2761.9088
609863,610073,2764.7083
610073,609863,2764.7083
610103,610116,2768.6075
610116,610103,2768.6075
400045,610124,2772.4897
610124,400045,2772.4897
400096,610119,2774.3281
610119,400096,2774.3281
610256,610345,2774.8156
610345,610256,2774.8156
609883,610233,2777.0921
610233,609883,2777.0921
609837,610213,2777.8432
610213,609837,2777.8432
400078,610256,2779.7495
610256,400078,2779.7495
609782,609963,2781.4920
609963,609782,2781.4920
400021,610020,2783.3293
610020,400021,2783.3293
400041,610106,2783.3774
610106,400041,2783.3774
609991,610503,2785.0384
610503,609991,2785.0384
610005,610503,2786.7573
610503,610005,2786.7573
609917,610366,2786.8839
610366,609917,2786.8839
609972,610209,2787.9653
610209,609972,2787.9653
610199,610315,2789.9035
610315,610199,2789.9035
609947,609987,2791.6410
609987,609947,2791.6410
610092,610183,2793.7906
610183,610092,2793.7906
400076,400078,2796.6341
400078,400076,2796.6341
400050,610504,2799.0093
610504,400050,2799.0093
609975,610036,2807.9721
610036,609975,2807.9721
610221,610240,2810.1860
610240,610221,2810.1860
609873,610134,2819.9538
610134,609873,2819.9538
400082,610325,2822.6060
610325,400082,2822.6060
610119,610520,2824.1586
610520,610119,2824.1586
400045,609827,2824.3235
609827,400045,2824.3235
610034,610123,2824.8474
610123,610034,2824.8474
609775,610223,2830.0737
610223,609775,2830.0737
610053,610057,2831.1843
610057,610053,2831.1843
609988,610321,2831.9855
610321,609988,2831.9855
610122,610205,2833.5780
610205,610122,2833.5780
610129,610228,2836.4176
610228,610129,2836.4176
610321,610515,2843.6594
610515,610321,2843.6594
609951,610175,2844.1895
610175,609951,2844.1895
400078,609951,2849.6683
609951,400078,2849.6683
610129,610329,2850.8549
610329,610129,2850.8549
609812,609989,2852.8428
609989,609812,2852.8428
609958,610174,2857.1182
610174,609958,2857.1182
400095,609907,2859.1073
609907,400095,2859.1073
400072,609786,2862.9537
609786,400072,2862.9537
609830,610020,2863.7862
610020,609830,2863.7862
609924,610369,2868.9309
610369,609924,2868.9309
400040,610005,2873.6158
610005,400040,2873.6158
400146,610183,2874.6837
610183,400146,2874.6837
609880,610147,2876.5662
610147,609880,2876.5662
400025,609896,2878.5903
609896,400025,2878.5903
609959,610081,2882.6896
610081,609959,2882.6896
609804,609880,2891.4264
609880,609804,2891.4264
400076,610345,2892.0303
610345,400076,2892.0303
609937,610083,2894.7592
610083,609937,2894.7592
400076,610175,2900.5252
610175,400076,2900.5252
610086,610188,2903.1121
610188,610086,2903.1121
609985,610194,2905.1690
610194,609985,2905.1690
610265,610299,2909.6035
610299,610265,2909.6035
609908,610176,2910.5380
610176,609908,2910.5380
400046,610273,2911.2625
610254,610273,2911.2625
610273,610254,2911.2625
610273,400046,2911.2625
610046,610248,2911.3850
610046,610249,2911.3850
610248,610046,2911.3850
610249,610046,2911.3850
610342,610520,2911.8958
610520,610342,2911.8958
610027,610362,2912.0181
610362,610027,2912.0181
400071,609791,2912.9926
609791,400071,2912.9926
609780,610097,2914.6881
610097,609780,2914.6881
610063,610184,2914.7052
610184,610063,2914.7052
609857,610089,2918.3270
610089,609857,2918.3270
610055,610243,2920.4578
610243,610055,2920.4578
610123,610273,2923.0146
610273,610123,2923.0146
610122,610196,2924.4447
610196,610122,2924.4447
609926,610101,2924.5838
610101,609926,2924.5838
609791,610223,2927.7861
610223,609791,2927.7861
609853,610138,2928.9657
610138,609853,2928.9657
400011,609797,2930.3746
609797,400011,2930.3746
610290,610299,2931.7549
610299,610290,2931.7549
609863,610229,2933.8306
610229,609863,2933.8306
609788,610128,2936.3168
610128,609788,2936.3168
400071,400074,2939.0544
400074,400071,2939.0544
609922,610165,2939.3468
610165,609922,2939.3468
609942,610138,2941.7764
610138,609942,2941.7764
609951,610345,2945.9456
610345,609951,2945.9456
610134,610184,2946.7136
610184,610134,2946.7136
610005,610123,2946.8208
610123,610005,2946.8208
610120,610532,2947.4072
610532,610120,2947.4072
610145,610539,2947.7455
610539,610145,2947.7455
609894,610232,2950.3064
609894,610336,2950.3064
610232,609894,2950.3064
610336,609894,2950.3064
609966,610131,2952.5112
610131,609966,2952.5112
609974,610078,2953.4987
610078,609974,2953.4987
609789,609910,2955.2594
609910,609789,2955.2594
609859,610011,2956.6157
610011,609859,2956.6157
609815,610103,2957.2696
610103,609815,2957.2696
610030,610142,2957.6008
610142,610030,2957.6008
609916,610146,2958.3862
610146,609916,2958.3862
610146,610530,2958.3862
610530,610146,2958.3862
610073,610252,2959.4338
610252,610073,2959.4338
610107,610119,2959.6211
610119,610107,2959.6211
610131,610274,2961.4788
610274,610131,2961.4788
609777,610062,2964.9212
610062,609777,2964.9212
610165,610539,2966.4452
610539,610165,2966.4452
400044,610005,2968.6270
610005,400044,2968.6270
610070,610141,2972.5614
610141,610070,2972.5614
610174,610317,2977.4897
610317,610174,2977.4897
609916,610047,2980.2121
610047,610530,2980.2121
610047,609916,2980.2121
610530,610047,2980.2121
610241,610348,2988.9207
610348,610241,2988.9207
609898,610053,2989.2377
610053,609898,2989.2377
610048,610251,2989.4499
610048,610250,2989.4499
610250,610048,2989.4499
610251,610048,2989.4499
400044,610273,2991.6229
610273,400044,2991.6229
609805,609864,2992.2626
609864,609805,2992.2626
610005,610240,2992.4199
610240,610005,2992.4199
610246,610277,2996.0568
610277,610246,2996.0568
400020,609920,3001.4765
609920,400020,3001.4765
609773,609974,3004.3667
609974,609773,3004.3667
610143,610175,3005.5515
610175,610143,3005.5515
610218,610280,3006.0743
610280,610218,3006.0743
609921,609967,3010.3996
609967,609921,3010.3996
609772,609935,3010.8697
609935,609772,3010.8697
400030,610533,3018.3622
610533,400030,3018.3622
609893,609960,3018.3663
609960,609893,3018.3663
610112,610290,3020.1932
610290,610112,3020.1932
609862,610002,3022.4050
610002,609862,3022.4050
610120,610203,3025.6981
610203,610120,3025.6981
609987,610237,3026.5597
610237,609987,3026.5597
400114,610342,3032.5128
610342,400114,3032.5128
400084,400089,3032.9287
400089,400084,3032.9287
400047,610365,3033.2208
610365,400047,3033.2208
610183,610241,3035.1607
610241,610183,3035.1607
610169,610263,3035.9466
610263,610169,3035.9466
400026,610366,3036.8895
610366,400026,3036.8895
400081,609872,3038.6264
609872,400081,3038.6264
400069,610133,3041.0366
610133,400069,3041.0366
400071,610108,3041.7005
610108,400071,3041.7005
610185,610352,3044.4934
610352,610185,3044.4934
610167,610239,3045.5359
610239,610167,3045.5359
609881,609985,3047.3320
609985,609881,3047.3320
609834,610063,3048.1576
610063,609834,3048.1576
400112,610532,3050.1123
610532,400112,3050.1123
609827,610124,3051.3062
610124,609827,3051.3062
609869,609897,3054.7983
609897,609869,3054.7983
609928,610110,3056.3336
610110,609928,3056.3336
610223,610339,3056.7685
610339,610223,3056.7685
400069,610154,3056.9211
610154,400069,3056.9211
610274,610365,3057.2519
610365,610274,3057.2519
610293,610503,3060.8696
610503,610293,3060.8696
400084,609842,3060.9981
609842,400084,3060.9981
609819,609844,3062.6139
609844,609819,3062.6139
400024,610037,3065.1286
610037,400024,3065.1286
400040,610293,3065.3352
610293,400040,3065.3352
400075,610061,3067.2954
610061,400075,3067.2954
609968,610192,3067.5929
610192,609968,3067.5929
609788,610086,3073.2059
610086,609788,3073.2059
610002,610218,3074.0194
610218,610002,3074.0194
610184,610215,3076.3317
610215,610184,3076.3317
400083,610125,3076.7449
610125,400083,3076.7449
609920,610024,3084.2416
610024,609920,3084.2416
609954,609991,3084.9264
609991,609954,3084.9264
610047,610146,3099.9509
610146,610047,3099.9509
609773,609774,3100.4540
609774,609773,3100.4540
609809,609942,3101.7393
609942,609809,3101.7393
400020,609991,3104.9663
609991,400020,3104.9663
609779,609865,3105.2883
609865,609779,3105.2883
400039,610342,3107.2143
610342,400039,3107.2143
400024,610239,3113.1586
610239,400024,3113.1586
609997,610037,3119.1547
610037,609997,3119.1547
400074,610108,3120.0692
610108,400074,3120.0692
610072,610300,3120.4525
610300,610072,3120.4525
610145,610201,3122.7724
610201,610145,3122.7724
609842,609855,3125.6754
609855,609842,3125.6754
609920,610063,3127.5456
610063,609920,3127.5456
609989,610121,3128.3079
610121,609989,3128.3079
609964,609993,3135.1993
609993,609964,3135.1993
610248,610539,3136.4264
610249,610539,3136.4264
610539,610248,3136.4264
610539,610249,3136.4264
610114,610237,3137.0831
610237,610114,3137.0831
609951,610143,3137.5187
610143,609951,3137.5187
609808,610160,3139.5951
610160,609808,3139.5951
609849,610082,3140.9109
610082,609849,3140.9109
400096,610520,3143.4798
610520,400096,3143.4798
609826,610215,3143.9862
610215,609826,3143.9862
609971,610300,3147.5069
610300,609971,3147.5069
609966,609967,3149.4489
609967,609966,3149.4489
400025,609942,3150.2138
609942,400025,3150.2138
400076,610143,3150.8323
610143,400076,3150.8323
609906,610305,3152.1820
610305,609906,3152.1820
400011,609907,3152.4876
609907,400011,3152.4876
609828,610229,3152.7510
610229,609828,3152.7510
400017,609988,3154.6160
609988,400017,3154.6160
609867,610075,3163.1010
610075,609867,3163.1010
400043,610107,3163.2187
610107,400043,3163.2187
609883,609971,3164.1878
609971,609883,3164.1878
609919,610065,3173.0615
610065,609919,3173.0615
609949,610135,3178.3499
610135,609949,3178.3499
610072,610369,3180.0359
610369,610072,3180.0359
609873,610123,3180.1173
610123,609873,3180.1173
610009,610548,3182.0290
610548,610009,3182.0290
610243,610365,3182.7142
610365,610243,3182.7142
400084,610157,3184.0833
610157,400084,3184.0833
610077,610347,3186.9328
610347,610077,3186.9328
609967,610017,3187.6534
610017,609967,3187.6534
609775,610521,3188.3141
610521,609775,3188.3141
610231,610232,3188.4848
610231,610336,3188.4848
610232,610231,3188.4848
610336,610231,3188.4848
609978,610004,3189.3573
610004,609978,3189.3573
610299,610339,3190.0641
610339,610299,3190.0641
610065,610213,3193.9836
610213,610065,3193.9836
609935,610198,3195.9024
610198,609935,3195.9024
610238,610299,3199.5723
610299,610238,3199.5723
610107,610308,3199.8314
610308,610107,3199.8314
610115,610146,3201.1112
610146,610115,3201.1112
610177,610308,3201.8655
610308,610177,3201.8655
609798,610515,3204.4344
610515,609798,3204.4344
609779,610284,3206.4488
610284,609779,3206.4488
400044,609873,3207.0976
609873,400044,3207.0976
609826,609938,3209.1813
609938,609826,3209.1813
609829,609909,3209.9676
609909,609829,3209.9676
400116,609775,3211.2533
609775,400116,3211.2533
609954,610034,3211.4102
610034,609954,3211.4102
610221,610348,3211.5093
610348,610221,3211.5093
610078,610363,3211.9818
610363,610078,3211.9818
610180,610548,3213.8749
610548,610180,3213.8749
609945,610205,3215.4917
610205,609945,3215.4917
609891,610110,3219.0712
610110,609891,3219.0712
610029,610520,3219.5434
610520,610029,3219.5434
609902,609943,3219.8264
609943,609902,3219.8264
610017,610134,3219.8808
610134,610017,3219.8808
609813,610263,3221.3369
610263,609813,3221.3369
400120,610196,3221.4235
610196,400120,3221.4235
610096,610559,3222.9617
610559,610096,3222.9617
609837,609919,3223.3809
609919,609837,3223.3809
610238,610290,3225.9620
610290,610238,3225.9620
609950,610063,3228.8432
610063,609950,3228.8432
610017,610063,3229.4667
610063,610017,3229.4667
609803,610355,3234.1523
610355,609803,3234.1523
609897,609986,3234.2909
609986,609897,3234.2909
610152,610298,3234.4333
610298,610152,3234.4333
609876,610353,3235.7114
610353,609876,3235.7114
610095,610534,3236.5460
610534,610095,3236.5460
609989,610308,3240.0655
610308,609989,3240.0655
400030,400121,3241.0702
400121,400030,3241.0702
609791,610238,3241.3184
610238,609791,3241.3184
609835,610192,3241.6513
610192,609835,3241.6513
609854,610313,3242.6400
610313,609854,3242.6400
400048,610243,3243.7903
610243,400048,3243.7903
609876,609958,3244.9745
609958,609876,3244.9745
610159,610515,3248.3279
610515,610159,3248.3279
610312,610316,3249.1736
610316,610312,3249.1736
610305,610367,3249.5736
610367,610305,3249.5736
610057,610347,3252.0461
610347,610057,3252.0461
609781,609819,3257.3494
609819,609781,3257.3494
609994,610354,3259.8004
610354,609994,3259.8004
609844,610246,3261.4863
610246,609844,3261.4863
